01 | Alisson | (11) 958233321 | 50,00 
02 | Carlos | (11) 958546121 | 49,00 
03 | franklin | (21) 982563475 | 40,00 
04 | Jorge | (21) 945622134 | 60,00 
05 | Miguel | (21) 992567845 | 30,00 
06 | Arnaldo | (11) 992185643 | 30,00 
07 | Carlos | (11) 997463632 | 80,00 
08 | marlon | (11) 997345267 | 30,00 
09 | Cristiano | (11) 956784532 | 54,00 
10 | Kimberly | (11) 956782343 | 52,00 
11 | Larissa | (11) 95986745 | 57,00 
12 | Antonia | (11) 989741094 | 50,00 
13 | Saiz | (11) 956789213 | 50,00 
14 | Fabiano | (11) 967543121 | 70,00 
15 | Marcos | (11) 982345674 | 40,00 
16 | Francisco | (11) 945637267 | 40,00 
17 | Francisco | (11) 9432675431 | 50,00 
18 | Rosangela | (11) 923456786 | 60,00 
19 | Fabiana | (11) 934567898 | 60,00 
20 | Maria | (11) 945678976 | 50,00 
21 | Socorro | (11) 945673282 | 50,00 
22 | Aline | (11) 947823564 | 50,00 
23 | Carla | (32) 987652342 | 40,00 
24 | Carminha | (32) 934526754 | 30,00 
25 | Eduarda | (11) 982342564 | 50,00 
26 | Eduardo | (11) 982357212 | 50,00 
27 | Mario | (11) 986754211 | 50,00 
28 | Maria | (11) 986754761 | 50,00 
29 | Josefina | (11) 970906070 | 35,00 
30 | Mara | (11) 945673452 | 55,00 
31 | Bigode | (11) 992345678 | 49,00 
32 | Adão | (11) 945674521 | 49,00 
33 | Eva | (11) 967543276 | 50,00 
34 | Paulo | (11) 966753421 | 50,00 
35 | Paula | (11) 966345276 | 50,00 
36 | João | (11) 967834576 | 60,00 
37 | Joana | (11) 967564676 | 50,00 
38 | Thiago | (11) 967675431 | 50,00 
39 | Diana | (11) 967875431 | 50,00 
40 | Bruce | (11) 967875431 | 55,00 
41 | Barry | (11) 960897654 | 50,00 
42 | Selina | (11) 960897544 | 50,00 
43 | Michael | (11) 961234654 | 40,00 
44 | Jardel | (11) 987634521 | 40,00 
45 | Pedro | (11) 956432125 | 50,00 
46 | Gustavo | (11) 965241726 | 50,00 
47 | Valentina | (11) 992345674 | 50,00 
48 | Valentino | (11) 998765421 | 50,00 
49 | Serafina | (11) 978652514 | 50,00 
50 | Agatha | (11) 992765432 | 100,00 
